sensor_2
NoiseModelA = { 7.237017846089512e-06,6.523188249675823e-06,6.869138041655443e-06,7.91361915842508e-06 }
NoiseModelB = { -0.00011073147252834658,-4.891687244712177e-05,-7.575439118199129e-05,-0.00012886838607408598 }
NoiseModelC = { 4.391126846089045e-11,6.510038341056177e-11,8.252455519614475e-11,4.975852341921813e-11 }
NoiseModelD = { 2.526192822099787e-06,2.2153976695516784e-06,2.729145991526126e-06,2.637896049180895e-06 }

sensor_1
NoiseModelA = { 7.237017846089512e-06,6.523188249675823e-06,6.869138041655443e-06,7.91361915842508e-06 }
NoiseModelB = { -0.00011073147252834658,-4.891687244712177e-05,-7.575439118199129e-05,-0.00012886838607408598 }
NoiseModelC = { 4.391126846089045e-11,6.510038341056177e-11,8.252455519614475e-11,4.975852341921813e-11 }
NoiseModelD = { 2.526192822099787e-06,2.2153976695516784e-06,2.729145991526126e-06,2.637896049180895e-06 }

sensor_3
NoiseModelA = { 7.237017846089512e-06,6.523188249675823e-06,6.869138041655443e-06,7.91361915842508e-06 }
NoiseModelB = { -0.00011073147252834658,-4.891687244712177e-05,-7.575439118199129e-05,-0.00012886838607408598 }
NoiseModelC = { 4.391126846089045e-11,6.510038341056177e-11,8.252455519614475e-11,4.975852341921813e-11 }
NoiseModelD = { 2.526192822099787e-06,2.2153976695516784e-06,2.729145991526126e-06,2.637896049180895e-06 }

sensor_4
NoiseModelA = { 7.237017846089512e-06,6.523188249675823e-06,6.869138041655443e-06,7.91361915842508e-06 }
NoiseModelB = { -0.00011073147252834658,-4.891687244712177e-05,-7.575439118199129e-05,-0.00012886838607408598 }
NoiseModelC = { 4.391126846089045e-11,6.510038341056177e-11,8.252455519614475e-11,4.975852341921813e-11 }
NoiseModelD = { 2.526192822099787e-06,2.2153976695516784e-06,2.729145991526126e-06,2.637896049180895e-06 }