sensor_8
NoiseModelA = { 2.2337798293592014e-06,2.337004938686852e-06,1.1599402090791524e-06,1.3079477752902182e-06 }
NoiseModelB = { -1.4537994711113266e-05,8.674104036177366e-06,1.4373222406884713e-06,-1.95255574710951e-06 }
NoiseModelC = { 1.0380618179004885e-12,6.342204829007706e-12,-1.9183722819612577e-12,-1.6656458329807956e-12 }
NoiseModelD = { 4.6070164743062253e-07,1.8450020428481e-07,4.211950419745209e-07,4.11805071531783e-07 }
captureSharpeningS = 1.1
captureSharpeningIntense = 1.0