sensor_0
NoiseModelA = { 2.1786421840533604e-06,2.1660558728364344e-06,2.155918891332745e-06,2.3260840829207575e-06 }
NoiseModelB = { 5.097722955543388e-06,3.791137299711724e-05,4.054399704127406e-05,0.004040871339038232 }
NoiseModelC = { 2.20041060211947e-11,2.1226315288238283e-11,1.953673111281624e-11,1.7498905970081413e-11 }
NoiseModelD = { 2.808581850951252e-06,7.078082659372538e-07,1.729591265050786e-06,-4.1099903732233384e-05 }

sensor_1
NoiseModelA = { 1.1118609569505047e-06,1.4009978192381755e-06,1.313019872690824e-06,1.0273828022190664e-06 }
NoiseModelB = { 0.00018289304121385383,0.00017338908149661472,0.00018292196050069125,0.00018919882826497086 }
NoiseModelC = { 8.045361927122748e-11,9.502352818989944e-11,9.294641686624812e-11,8.073895615664031e-11 }
NoiseModelD = { 1.8145598378522777e-05,1.7715530471925517e-05,1.8956497076797756e-05,1.6711826856218565e-05 }
