sensor_0
NoiseModelA = { 1.1688593151064156e-06,1.1645933521258543e-06,1.1607250813532187e-06,1.192559145441634e-06 }
NoiseModelB = { 6.600944605194753e-06,1.2998201254067048e-05,1.3236566557241736e-05,2.821401899165929e-06 }
NoiseModelC = { 3.7287757364607875e-12,3.634003674693985e-12,3.785336846016539e-12,3.784479595310842e-12 }
NoiseModelD = { 1.9263642292739626e-07,7.91924782616922e-08,8.177636356521293e-08,2.441411738540428e-07 }

sensor_1
NoiseModelA = { 2.3712498773749313e-06,2.0699967379605705e-06,2.093837312613175e-06,2.8209164576575583e-06 }
NoiseModelB = { 5.2238260822426465e-05,7.463061242949811e-05,7.907612949182591e-05,1.842195481394183e-05 }
NoiseModelC = { 3.5154097833406655e-11,3.078573053221737e-11,2.93532285608987e-11,3.7477671878708655e-11 }
NoiseModelD = { 1.0837352128402998e-06,1.1442111072586444e-06,9.228387056258597e-07,9.821303756227033e-07 }

sensor_2
NoiseModelA = { 1.7341362466240484e-06,2.1326849524816564e-06,2.0834336152972614e-06,3.0762220015572816e-07 }
NoiseModelB = { 0.00014142249831488788,0.0001313169602312188,0.00013801687999154418,0.0031110943587791587 }
NoiseModelC = { -6.545771953983537e-13,-1.922869117621309e-12,-9.747066435222829e-13,4.010942706439424e-11 }
NoiseModelD = { 3.453281422510121e-07,1.3686603657279494e-08,-2.6626925334969122e-08,-2.248541145179639e-05 }

sensor_3
NoiseModelA = { 3.75341724806624e-06,3.7672308356931316e-06,3.741385858214053e-06,4.005850312699668e-06 }
NoiseModelB = { 8.906994640706069e-06,1.9097353095000992e-05,1.9945585918647218e-05,-1.3951199540442167e-05 }
NoiseModelC = { -4.544328021521826e-12,-5.325442645594475e-12,-5.80007505375903e-12,9.467173444114522e-13 }
NoiseModelD = { 8.395598056852442e-07,6.774955832576914e-07,6.943390454609391e-07,9.14308642683009e-07 }
